49687
50029
49853
50039
49827
50039
49889
50287
50149
50264
49912
49864
50244
49916
49997
50145
50027
49781
49803
49934
50076
50373
50026
49937
49947
50058
50024
50034
49881
49890
50294
49908
49896
49739
49941
49913
50118
50011
49804
49824
49855
50078
49925
50273
49793
49746
49984
50093
49858
49930
50240
49946
50056
49829
49902
49963
49784
50175
49819
49729
49780
50136
50202
49581
50046
49993
49869
50080
49775
50008
50068
50155
50019
50109
49906
50059
50154
49996
50170
49815
50089
49599
50003
49808
50070
50018
49601
49893
49918
49806
49797
50031
49993
50029
50180
49957
49996
50006
50188
49856
